  0.0000     0.279697E+01   0.000000E+00   0.325660E-11   0.651320E-11   0.000000E+00   0.000000E+00
  0.0000     0.317637E+01   0.000000E+00   0.375738E-10   0.751485E-10   0.000000E+00   0.000000E+00
  0.0000     0.360724E+01   0.000000E+00   0.375787E-09   0.751575E-09   0.000000E+00   0.000000E+00
  0.0000     0.409655E+01   0.166668E+01   0.325784E-08   0.651568E-08   0.000000E+00   0.000000E+00
  0.0000     0.465223E+01   0.855140E+01   0.244823E-07   0.489646E-07   0.000000E+00   0.000000E+00
  0.0000     0.528330E+01   0.314262E+02   0.159471E-06   0.318943E-06   0.000000E+00   0.000000E+00
  0.0000     0.599996E+01   0.121157E+03   0.900479E-06   0.180096E-05   0.000000E+00   0.791165E-05
  0.0000     0.681384E+01   0.404877E+03   0.440739E-05   0.881478E-05   0.000000E+00   0.387233E-04
  0.0000     0.773812E+01   0.117282E+04   0.186991E-04   0.373982E-04   0.000000E+00   0.164290E-03
  0.0000     0.878777E+01   0.294488E+04   0.687667E-04   0.137533E-03   0.000000E+00   0.604190E-03
  0.0000     0.997981E+01   0.640965E+04   0.219224E-03   0.438449E-03   0.000000E+00   0.192609E-02
  0.0000     0.113335E+02   0.120932E+05   0.605791E-03   0.121158E-02   0.000000E+00   0.532245E-02
  0.0000     0.128709E+02   0.197775E+05   0.145105E-02   0.290211E-02   0.000000E+00   0.127489E-01
  0.0000     0.146168E+02   0.280374E+05   0.301286E-02   0.602572E-02   0.000000E+00   0.264709E-01
  0.0000     0.165995E+02   0.341520E+05   0.537506E-02   0.107501E-01   0.000000E+00   0.472254E-01
  0.0000     0.188512E+02   0.359774E+05   0.829337E-02   0.165867E-01   0.000000E+00   0.728653E-01
  0.0000     0.214083E+02   0.341244E+05   0.115214E-01   0.230428E-01   0.000000E+00   0.101226E+00
  0.0000     0.243123E+02   0.259534E+05   0.128340E-01   0.256680E-01   0.000000E+00   0.112758E+00
  0.0000     0.276102E+02   0.184090E+05   0.133333E-01   0.266666E-01   0.000000E+00   0.117143E+00
  0.0000     0.313555E+02   0.125463E+05   0.133096E-01   0.266193E-01   0.000000E+00   0.116933E+00
  0.0000     0.356087E+02   0.852113E+04   0.132403E-01   0.264806E-01   0.000000E+00   0.116321E+00
  0.0000     0.404390E+02   0.626852E+04   0.142675E-01   0.285349E-01   0.000000E+00   0.125335E+00
  0.0000     0.459244E+02   0.520856E+04   0.173650E-01   0.347301E-01   0.000000E+00   0.152536E+00
  0.0000     0.521539E+02   0.466522E+04   0.227831E-01   0.455662E-01   0.000000E+00   0.200114E+00
  0.0000     0.592285E+02   0.412963E+04   0.295417E-01   0.590833E-01   0.000000E+00   0.259457E+00
  0.0000     0.672626E+02   0.349751E+04   0.366504E-01   0.733008E-01   0.000000E+00   0.321859E+00
  0.0000     0.763866E+02   0.280095E+04   0.429968E-01   0.859937E-01   0.000000E+00   0.377548E+00
  0.0000     0.867483E+02   0.210308E+04   0.472950E-01   0.945899E-01   0.000000E+00   0.415229E+00
  0.0000     0.985154E+02   0.162395E+04   0.534906E-01   0.106981E+00   0.000000E+00   0.469613E+00
  0.0000     0.111879E+03   0.144875E+04   0.698909E-01   0.139782E+00   0.000000E+00   0.613604E+00
  0.0000     0.127055E+03   0.131984E+04   0.932527E-01   0.186505E+00   0.000000E+00   0.818729E+00
  0.0000     0.144289E+03   0.115683E+04   0.119711E+00   0.239421E+00   0.000000E+00   0.105103E+01
  0.0000     0.163862E+03   0.919587E+03   0.139382E+00   0.278764E+00   0.000000E+00   0.122371E+01
  0.0000     0.186089E+03   0.640980E+03   0.142328E+00   0.284656E+00   0.000000E+00   0.124938E+01
  0.0000     0.211332E+03   0.446050E+03   0.145080E+00   0.290160E+00   0.000000E+00   0.127345E+01
  0.0000     0.239998E+03   0.315689E+03   0.150406E+00   0.300812E+00   0.000000E+00   0.132010E+01
  0.0000     0.272554E+03   0.208504E+03   0.145487E+00   0.290974E+00   0.000000E+00   0.127697E+01
  0.0000     0.309525E+03   0.125830E+03   0.128572E+00   0.257144E+00   0.000000E+00   0.112864E+01
  0.0000     0.351511E+03   0.761959E+02   0.113980E+00   0.227961E+00   0.000000E+00   0.100084E+01
  0.0000     0.399192E+03   0.403491E+02   0.883813E-01   0.176763E+00   0.000000E+00   0.776175E+00
  0.0000     0.453342E+03   0.208573E+02   0.669020E-01   0.133804E+00   0.000000E+00   0.587608E+00
  0.0000     0.514836E+03   0.101787E+02   0.478097E-01   0.956195E-01   0.000000E+00   0.419972E+00
  0.0000     0.584672E+03   0.469048E+01   0.322641E-01   0.645281E-01   0.000000E+00   0.283437E+00
  0.0000     0.663982E+03   0.204093E+01   0.205600E-01   0.411200E-01   0.000000E+00   0.180628E+00
  1.0000     0.279697E+01   0.000000E+00   0.422023E-12   0.844045E-12   0.000000E+00   0.000000E+00
  1.0000     0.317637E+01   0.518053E-02   0.571278E-11   0.114257E-10   0.000000E+00   0.000000E+00
  1.0000     0.360724E+01   0.453381E-01   0.732258E-10   0.146452E-09   0.000000E+00   0.000000E+00
  1.0000     0.409655E+01   0.203690E+00   0.357495E-09   0.714991E-09   0.000000E+00   0.000000E+00
  1.0000     0.465223E+01   0.105670E+01   0.254195E-08   0.508390E-08   0.000000E+00   0.000000E+00
  1.0000     0.528330E+01   0.146710E+01   0.450795E-08   0.901590E-08   0.000000E+00   0.000000E+00
  1.0000     0.599996E+01   0.564642E-01   0.189109E-09   0.378330E-09   0.112063E-12   0.000000E+00
  1.0000     0.681384E+01   0.121126E+01   0.408822E-08   0.818170E-08   0.524959E-11   0.653033E-07
  1.0000     0.773812E+01   0.369972E+01   0.146423E-07   0.293092E-07   0.247231E-10   0.257407E-06
  1.0000     0.878777E+01   0.298180E+01   0.139064E-07   0.278474E-07   0.345115E-10   0.281990E-06
  1.0000     0.997981E+01   0.520216E+01   0.293914E-07   0.588931E-07   0.110333E-09   0.695993E-06
  1.0000     0.113335E+02   0.157894E+02   0.112813E-06   0.226180E-06   0.552828E-09   0.293862E-05
  1.0000     0.128709E+02   0.433967E+02   0.406806E-06   0.816031E-06   0.241861E-08   0.112949E-04
  1.0000     0.146168E+02   0.112448E+03   0.138785E-05   0.278563E-05   0.992058E-08   0.410520E-04
  1.0000     0.165995E+02   0.293938E+03   0.477007E-05   0.958100E-05   0.408686E-07   0.150678E-03
  1.0000     0.188512E+02   0.771308E+03   0.164583E-04   0.330842E-04   0.167560E-06   0.555268E-03
  1.0000     0.214083E+02   0.189330E+04   0.557235E-04   0.112067E-03   0.619795E-06   0.192805E-02
  1.0000     0.243123E+02   0.421480E+04   0.178962E-03   0.359939E-03   0.201486E-05   0.611971E-02
  1.0000     0.276102E+02   0.835247E+04   0.535485E-03   0.107664E-02   0.567128E-05   0.174605E-01
  1.0000     0.313555E+02   0.151996E+05   0.151552E-02   0.304547E-02   0.144203E-04   0.461101E-01
  1.0000     0.356087E+02   0.232376E+05   0.366218E-02   0.735486E-02   0.304951E-04   0.102739E+00
  1.0000     0.404390E+02   0.280239E+05   0.710623E-02   0.142607E-01   0.482040E-04   0.182093E+00
  1.0000     0.459244E+02   0.267768E+05   0.110867E-01   0.222144E-01   0.409217E-04   0.248732E+00
  1.0000     0.521539E+02   0.187578E+05   0.129613E-01   0.233119E-01   0.612834E-04   0.259627E+00
  1.0000     0.592285E+02   0.110151E+05   0.130980E-01   0.180972E-01   0.132660E-03   0.234371E+00
  1.0000     0.672626E+02   0.617824E+04   0.132221E-01   0.204876E-01   0.661019E-04   0.201841E+00
  1.0000     0.763866E+02   0.498864E+04   0.186832E-01   0.286343E-01   0.732986E-04   0.252888E+00
  1.0000     0.867483E+02   0.416832E+04   0.263871E-01   0.400234E-01   0.880164E-04   0.326016E+00
  1.0000     0.985154E+02   0.353782E+04   0.368599E-01   0.556330E-01   0.107273E-03   0.425344E+00
  1.0000     0.111879E+03   0.265556E+04   0.454092E-01   0.681694E-01   0.118922E-03   0.491485E+00
  1.0000     0.127055E+03   0.185603E+04   0.522191E-01   0.780549E-01   0.123637E-03   0.531948E+00
  1.0000     0.144289E+03   0.138624E+04   0.636571E-01   0.948568E-01   0.138755E-03   0.617012E+00
  1.0000     0.163862E+03   0.173450E+04   0.141255E+00   0.209657E+00   0.271009E-03   0.128398E+01
  1.0000     0.186089E+03   0.931889E+03   0.125656E+00   0.186115E+00   0.223205E-03   0.108499E+01
  1.0000     0.211332E+03   0.581573E+03   0.127487E+00   0.182344E+00   0.116238E-03   0.107177E+01
  1.0000     0.239998E+03   0.412033E+03   0.138650E+00   0.170907E+00   0.184491E-04   0.115842E+01
  1.0000     0.272554E+03   0.271510E+03   0.139056E+00   0.133348E+00   0.210655E-05   0.120692E+01
  1.0000     0.309525E+03   0.166626E+03   0.126483E+00   0.877132E-01   0.921605E-06   0.123379E+01
  1.0000     0.351511E+03   0.883529E+02   0.969761E-01   0.369980E-01   0.383504E-06   0.107486E+01
  1.0000     0.399192E+03   0.513345E+02   0.805455E-01   0.132619E-01   0.212765E-02   0.722985E+00
  1.0000     0.453342E+03   0.266969E+02   0.606054E-01   0.121274E+00   0.632095E-04   0.543855E+00
  1.0000     0.514836E+03   0.135355E+02   0.443454E-01   0.887361E-01   0.452577E-04   0.398499E+00
  1.0000     0.584672E+03   0.652351E+01   0.309923E-01   0.620165E-01   0.318979E-04   0.278453E+00
  1.0000     0.663982E+03   0.427239E+01   0.336212E-01   0.672771E-01   0.346928E-04   0.301535E+00
  2.0000     0.279697E+01   0.000000E+00   0.366128E-13   0.732256E-13   0.000000E+00   0.000000E+00
  2.0000     0.317637E+01   0.555599E-03   0.612682E-12   0.122538E-11   0.000000E+00   0.000000E+00
  2.0000     0.360724E+01   0.666665E-02   0.107673E-10   0.215347E-10   0.000000E+00   0.000000E+00
  2.0000     0.409655E+01   0.110931E+00   0.215142E-09   0.430283E-09   0.000000E+00   0.000000E+00
  2.0000     0.465223E+01   0.631325E+00   0.170563E-08   0.341126E-08   0.000000E+00   0.000000E+00
  2.0000     0.528330E+01   0.343446E+00   0.121293E-08   0.242586E-08   0.000000E+00   0.000000E+00
  2.0000     0.599996E+01   0.232653E+00   0.100061E-08   0.200122E-08   0.000000E+00   0.000000E+00
  2.0000     0.681384E+01   0.169483E+00   0.862150E-09   0.172430E-08   0.000000E+00   0.000000E+00
  2.0000     0.773812E+01   0.425347E+00   0.233335E-08   0.466839E-08   0.167708E-11   0.307795E-07
  2.0000     0.878777E+01   0.821171E+00   0.750143E-08   0.150034E-07   0.564570E-12   0.926195E-07
  2.0000     0.997981E+01   0.186197E+00   0.510356E-08   0.993893E-08   0.550916E-12   0.387627E-07
  2.0000     0.113335E+02   0.315772E+00   0.152230E-07   0.186033E-07   0.256379E-10   0.102353E-06
  2.0000     0.128709E+02   0.147487E+01   0.964854E-07   0.163413E-06   0.346320E-10   0.675926E-06
  2.0000     0.146168E+02   0.359496E+01   0.331903E-06   0.323208E-06   0.135123E-08   0.242867E-05
  2.0000     0.165995E+02   0.858924E+01   0.109847E-05   0.183072E-05   0.282387E-09   0.793929E-05
  2.0000     0.188512E+02   0.222742E+02   0.348134E-05   0.570682E-05   0.269627E-09   0.274660E-04
  2.0000     0.214083E+02   0.627766E+02   0.103448E-04   0.931542E-05   0.853260E-07   0.982785E-04
  2.0000     0.243123E+02   0.179585E+03   0.256136E-04   0.381429E-04   0.333277E-09   0.379710E-03
  2.0000     0.276102E+02   0.457901E+03   0.518869E-04   0.103777E-03   0.292995E-08   0.106836E-02
  2.0000     0.313555E+02   0.112942E+04   0.107561E-03   0.933253E-05   0.663844E-04   0.336095E-02
  2.0000     0.356087E+02   0.258309E+04   0.246881E-03   0.493775E-03   0.124274E-07   0.112430E-01
  2.0000     0.404390E+02   0.555336E+04   0.646508E-03   0.682685E-04   0.719556E-03   0.319103E-01
  2.0000     0.459244E+02   0.106186E+05   0.174407E-02   0.348825E-02   0.113591E-06   0.927269E-01
  2.0000     0.521539E+02   0.166993E+05   0.422428E-02   0.496735E-03   0.424719E-02   0.198789E+00
  2.0000     0.592285E+02   0.196312E+05   0.820445E-02   0.164093E-01   0.415175E-06   0.365575E+00
  2.0000     0.672626E+02   0.167492E+05   0.123664E-01   0.234360E-01   0.910048E-06   0.450557E+00
  2.0000     0.763866E+02   0.102150E+05   0.145752E-01   0.247798E-01   0.144558E-05   0.406255E+00
  2.0000     0.867483E+02   0.538664E+04   0.157448E-01   0.249009E-01   0.206917E-03   0.321199E+00
  2.0000     0.985154E+02   0.374822E+04   0.204368E-01   0.317543E-01   0.203774E-03   0.349157E+00
  2.0000     0.111879E+03   0.325399E+04   0.305970E-01   0.471906E-01   0.245382E-03   0.463992E+00
  2.0000     0.127055E+03   0.258469E+04   0.417254E-01   0.638127E-01   0.275519E-03   0.567441E+00
  2.0000     0.144289E+03   0.186066E+04   0.519705E-01   0.787339E-01   0.284199E-03   0.634291E+00
  2.0000     0.163862E+03   0.181069E+04   0.991911E-01   0.148258E+00   0.423149E-03   0.104826E+01
  2.0000     0.186089E+03   0.120548E+04   0.121570E+00   0.181012E+00   0.427039E-03   0.116203E+01
  2.0000     0.211332E+03   0.665995E+03   0.116829E+00   0.173486E+00   0.356181E-03   0.103252E+01
  2.0000     0.239998E+03   0.416749E+03   0.123566E+00   0.183236E+00   0.343343E-03   0.103491E+01
  2.0000     0.272554E+03   0.282126E+03   0.131326E+00   0.194625E+00   0.346199E-03   0.106873E+01
  2.0000     0.309525E+03   0.167649E+03   0.119083E+00   0.176464E+00   0.306639E-03   0.959707E+00
  2.0000     0.351511E+03   0.885915E+02   0.931700E-01   0.138062E+00   0.238522E-03   0.754439E+00
  2.0000     0.399192E+03   0.440941E+02   0.683315E-01   0.100384E+00   0.153266E-03   0.559232E+00
  2.0000     0.453342E+03   0.210960E+02   0.483956E-01   0.574647E-01   0.781323E-05   0.405758E+00
  2.0000     0.514836E+03   0.951113E+01   0.320234E-01   0.245873E-01   0.463000E-06   0.306578E+00
  2.0000     0.584672E+03   0.400756E+01   0.194753E-01   0.452965E-02   0.980969E-07   0.230346E+00
  2.0000     0.663982E+03   0.269878E+01   0.213321E-01   0.427018E-01   0.376308E-04   0.194111E+00
  3.0000     0.279697E+01   0.000000E+00   0.416302E-14   0.832603E-14   0.000000E+00   0.000000E+00
  3.0000     0.317637E+01   0.766588E-04   0.845347E-13   0.169072E-12   0.000000E+00   0.000000E+00
  3.0000     0.360724E+01   0.121166E-02   0.195696E-11   0.391392E-11   0.000000E+00   0.000000E+00
  3.0000     0.409655E+01   0.396237E-01   0.806327E-10   0.161265E-09   0.000000E+00   0.000000E+00
  3.0000     0.465223E+01   0.207853E+00   0.595419E-09   0.119084E-08   0.000000E+00   0.000000E+00
  3.0000     0.528330E+01   0.139914E+00   0.585069E-09   0.117014E-08   0.000000E+00   0.000000E+00
  3.0000     0.599996E+01   0.717202E-01   0.413089E-09   0.826178E-09   0.000000E+00   0.000000E+00
  3.0000     0.681384E+01   0.531885E-01   0.428847E-09   0.857725E-09   0.288497E-13   0.000000E+00
  3.0000     0.773812E+01   0.131849E+00   0.146796E-08   0.293722E-08   0.130447E-11   0.128203E-07
  3.0000     0.878777E+01   0.498768E+00   0.844464E-08   0.168977E-07   0.844148E-11   0.736993E-07
  3.0000     0.997981E+01   0.165484E+00   0.564256E-08   0.847337E-08   0.433670E-13   0.465349E-07
  3.0000     0.113335E+02   0.190196E+01   0.984685E-07   0.196937E-06   0.000000E+00   0.000000E+00
  3.0000     0.128709E+02   0.117867E+01   0.886101E-07   0.149589E-06   0.589448E-11   0.600813E-06
  3.0000     0.146168E+02   0.391964E+01   0.401618E-06   0.416235E-06   0.176907E-08   0.282502E-05
  3.0000     0.165995E+02   0.989400E+01   0.141268E-05   0.236249E-05   0.367153E-09   0.978886E-05
  3.0000     0.188512E+02   0.204048E+02   0.398859E-05   0.657138E-05   0.980285E-09   0.282620E-04
  3.0000     0.214083E+02   0.362859E+02   0.972909E-05   0.123568E-04   0.372166E-07   0.710071E-04
  3.0000     0.243123E+02   0.655037E+02   0.228842E-04   0.291034E-04   0.101647E-06   0.175307E-03
  3.0000     0.276102E+02   0.164380E+03   0.635077E-04   0.107240E-03   0.252689E-07   0.548006E-03
  3.0000     0.313555E+02   0.466430E+03   0.158970E-03   0.123439E-03   0.347240E-05   0.189760E-02
  3.0000     0.356087E+02   0.113921E+04   0.320422E-03   0.641360E-03   0.516551E-06   0.548451E-02
  3.0000     0.404390E+02   0.219155E+04   0.576851E-03   0.799882E-03   0.166397E-04   0.140625E-01
  3.0000     0.459244E+02   0.427535E+04   0.122680E-02   0.245366E-02   0.587518E-07   0.382297E-01
  3.0000     0.521539E+02   0.797292E+04   0.278288E-02   0.556586E-02   0.105571E-06   0.109638E+00
  3.0000     0.592285E+02   0.109757E+05   0.542981E-02   0.469610E-03   0.611789E-02   0.198224E+00
  3.0000     0.672626E+02   0.123476E+05   0.980105E-02   0.196029E-01   0.788560E-06   0.327084E+00
  3.0000     0.763866E+02   0.880560E+04   0.126458E-01   0.136438E-01   0.310835E-06   0.390847E+00
  3.0000     0.867483E+02   0.609646E+04   0.173237E-01   0.270955E-01   0.340089E-03   0.362101E+00
  3.0000     0.985154E+02   0.318811E+04   0.179897E-01   0.283275E-01   0.212827E-03   0.298274E+00
  3.0000     0.111879E+03   0.251146E+04   0.248286E-01   0.387547E-01   0.234288E-03   0.362442E+00
  3.0000     0.127055E+03   0.217859E+04   0.356923E-01   0.553539E-01   0.289012E-03   0.477735E+00
  3.0000     0.144289E+03   0.169542E+04   0.468669E-01   0.721242E-01   0.322348E-03   0.571411E+00
  3.0000     0.163862E+03   0.166904E+04   0.850081E-01   0.129268E+00   0.470158E-03   0.917289E+00
  3.0000     0.186089E+03   0.100533E+04   0.970120E-01   0.145812E+00   0.436975E-03   0.927452E+00
  3.0000     0.211332E+03   0.670745E+03   0.112432E+00   0.168047E+00   0.440097E-03   0.991656E+00
  3.0000     0.239998E+03   0.370143E+03   0.108668E+00   0.162057E+00   0.374565E-03   0.890101E+00
  3.0000     0.272554E+03   0.260252E+03   0.121554E+00   0.181116E+00   0.394534E-03   0.965413E+00
  3.0000     0.309525E+03   0.150366E+03   0.107493E+00   0.160155E+00   0.340326E-03   0.844059E+00
  3.0000     0.351511E+03   0.780315E+02   0.823375E-01   0.122709E+00   0.261059E-03   0.651242E+00
  3.0000     0.399192E+03   0.361232E+02   0.560411E-01   0.835700E-01   0.179928E-03   0.448921E+00
  3.0000     0.453342E+03   0.167595E+02   0.383865E-01   0.572623E-01   0.123307E-03   0.309545E+00
  3.0000     0.514836E+03   0.718640E+01   0.240641E-01   0.358644E-01   0.763338E-04   0.196417E+00
  3.0000     0.584672E+03   0.298153E+01   0.145048E-01   0.183585E-01   0.596642E-05   0.121703E+00
  3.0000     0.663982E+03   0.174217E+01   0.138099E-01   0.609442E-02   0.117897E-06   0.151893E+00
  4.0000     0.279697E+01   0.000000E+00   0.734190E-15   0.146838E-14   0.000000E+00   0.000000E+00
  4.0000     0.317637E+01   0.156932E-04   0.173055E-13   0.346115E-13   0.000000E+00   0.000000E+00
  4.0000     0.360724E+01   0.304824E-03   0.492323E-12   0.984645E-12   0.000000E+00   0.000000E+00
  4.0000     0.409655E+01   0.116749E-01   0.237580E-10   0.475160E-10   0.000000E+00   0.000000E+00
  4.0000     0.465223E+01   0.674964E-01   0.193352E-09   0.386703E-09   0.000000E+00   0.000000E+00
  4.0000     0.528330E+01   0.510194E-01   0.213689E-09   0.427378E-09   0.000000E+00   0.000000E+00
  4.0000     0.599996E+01   0.300658E-01   0.178241E-09   0.356482E-09   0.000000E+00   0.000000E+00
  4.0000     0.681384E+01   0.331348E-01   0.321170E-09   0.642356E-09   0.125937E-13   0.000000E+00
  4.0000     0.773812E+01   0.792455E-01   0.116278E-08   0.232672E-08   0.115914E-11   0.910915E-08
  4.0000     0.878777E+01   0.206791E+00   0.448494E-08   0.897455E-08   0.467808E-11   0.347883E-07
  4.0000     0.997981E+01   0.360301E+00   0.119793E-07   0.234585E-07   0.110156E-11   0.830206E-07
  4.0000     0.113335E+02   0.350292E+01   0.183053E-06   0.366106E-06   0.000000E+00   0.000000E+00
  4.0000     0.128709E+02   0.134501E+01   0.103006E-06   0.170960E-06   0.321441E-11   0.700094E-06
  4.0000     0.146168E+02   0.507787E+01   0.524190E-06   0.538703E-06   0.317356E-08   0.368644E-05
  4.0000     0.165995E+02   0.133227E+02   0.191068E-05   0.325841E-05   0.392091E-09   0.132546E-04
  4.0000     0.188512E+02   0.277533E+02   0.546227E-05   0.917250E-05   0.129983E-08   0.386124E-04
  4.0000     0.214083E+02   0.475520E+02   0.129716E-04   0.162093E-04   0.718303E-07   0.945827E-04
  4.0000     0.243123E+02   0.753312E+02   0.281230E-04   0.363093E-04   0.158900E-06   0.209087E-03
  4.0000     0.276102E+02   0.114129E+03   0.581416E-04   0.921587E-04   0.976787E-07   0.431165E-03
  4.0000     0.313555E+02   0.272678E+03   0.159157E-03   0.208564E-03   0.120394E-05   0.136246E-02
  4.0000     0.356087E+02   0.832309E+03   0.456149E-03   0.686906E-03   0.309610E-05   0.484261E-02
  4.0000     0.404390E+02   0.154439E+04   0.802811E-03   0.133716E-02   0.695037E-05   0.112897E-01
  4.0000     0.459244E+02   0.280948E+04   0.159166E-02   0.285438E-03   0.490330E-03   0.288410E-01
  4.0000     0.521539E+02   0.492723E+04   0.302695E-02   0.606265E-02   0.875469E-05   0.658496E-01
  4.0000     0.592285E+02   0.692420E+04   0.564325E-02   0.755417E-02   0.161569E-06   0.153517E+00
  4.0000     0.672626E+02   0.743623E+04   0.908309E-02   0.183318E-01   0.165601E-03   0.214518E+00
  4.0000     0.763866E+02   0.578597E+04   0.124412E-01   0.250699E-01   0.187460E-03   0.251661E+00
  4.0000     0.867483E+02   0.420216E+04   0.169006E-01   0.268949E-01   0.259138E-03   0.273187E+00
  4.0000     0.985154E+02   0.247779E+04   0.186099E-01   0.292344E-01   0.207270E-03   0.251594E+00
  4.0000     0.111879E+03   0.182291E+04   0.237717E-01   0.370127E-01   0.218401E-03   0.287618E+00
  4.0000     0.127055E+03   0.163331E+04   0.337892E-01   0.523973E-01   0.283937E-03   0.387983E+00
  4.0000     0.144289E+03   0.133852E+04   0.446819E-01   0.689442E-01   0.339078E-03   0.483245E+00
  4.0000     0.163862E+03   0.137437E+04   0.772312E-01   0.118377E+00   0.518937E-03   0.780337E+00
  4.0000     0.186089E+03   0.803677E+03   0.842609E-01   0.127814E+00   0.469180E-03   0.761397E+00
  4.0000     0.211332E+03   0.576060E+03   0.102222E+00   0.154056E+00   0.509384E-03   0.865987E+00
  4.0000     0.239998E+03   0.336161E+03   0.103473E+00   0.155067E+00   0.458445E-03   0.814601E+00
  4.0000     0.272554E+03   0.224261E+03   0.110496E+00   0.165371E+00   0.465261E-03   0.843557E+00
  4.0000     0.309525E+03   0.133250E+03   0.993804E-01   0.148731E+00   0.409831E-03   0.752517E+00
  4.0000     0.351511E+03   0.663263E+02   0.726722E-01   0.108817E+00   0.302086E-03   0.555628E+00
  4.0000     0.399192E+03   0.293824E+02   0.470532E-01   0.705209E-01   0.198740E-03   0.365134E+00
  4.0000     0.453342E+03   0.131195E+02   0.308761E-01   0.463183E-01   0.131207E-03   0.242251E+00
  4.0000     0.514836E+03   0.538726E+01   0.183492E-01   0.275378E-01   0.789616E-04   0.146695E+00
  4.0000     0.584672E+03   0.214644E+01   0.105324E-01   0.158049E-01   0.457052E-04   0.857492E-01
  4.0000     0.663982E+03   0.117583E+01   0.929777E-02   0.121392E-01   0.721831E-05   0.783511E-01
  5.0000     0.279697E+01   0.000000E+00   0.180709E-15   0.361418E-15   0.000000E+00   0.000000E+00
  5.0000     0.317637E+01   0.432525E-05   0.476963E-14   0.953939E-14   0.000000E+00   0.000000E+00
  5.0000     0.360724E+01   0.978723E-04   0.158074E-12   0.316148E-12   0.000000E+00   0.000000E+00
  5.0000     0.409655E+01   0.421309E-02   0.857348E-11   0.171470E-10   0.000000E+00   0.000000E+00
  5.0000     0.465223E+01   0.261687E-01   0.749632E-10   0.149926E-09   0.000000E+00   0.000000E+00
  5.0000     0.528330E+01   0.216656E-01   0.911076E-10   0.182215E-09   0.000000E+00   0.000000E+00
  5.0000     0.599996E+01   0.151008E-01   0.945822E-10   0.189164E-09   0.000000E+00   0.000000E+00
  5.0000     0.681384E+01   0.262757E-01   0.294028E-09   0.588066E-09   0.606878E-14   0.000000E+00
  5.0000     0.773812E+01   0.450464E-01   0.769027E-09   0.153860E-08   0.541685E-12   0.000000E+00
  5.0000     0.878777E+01   0.809942E-01   0.191861E-08   0.383964E-08   0.242417E-11   0.141694E-07
  5.0000     0.997981E+01   0.331619E+00   0.110888E-07   0.221875E-07   0.997787E-11   0.823897E-07
  5.0000     0.113335E+02   0.450036E+01   0.232257E-06   0.464514E-06   0.000000E+00   0.000000E+00
  5.0000     0.128709E+02   0.154958E+01   0.116460E-06   0.193679E-06   0.388464E-11   0.817616E-06
  5.0000     0.146168E+02   0.546054E+01   0.557894E-06   0.650785E-06   0.426544E-08   0.384288E-05
  5.0000     0.165995E+02   0.144684E+02   0.205157E-05   0.358183E-05   0.464378E-09   0.141783E-04
  5.0000     0.188512E+02   0.309720E+02   0.600692E-05   0.102115E-04   0.120935E-08   0.423815E-04
  5.0000     0.214083E+02   0.538414E+02   0.144339E-04   0.172519E-04   0.152209E-06   0.105506E-03
  5.0000     0.243123E+02   0.855519E+02   0.314359E-04   0.391080E-04   0.335345E-06   0.233748E-03
  5.0000     0.276102E+02   0.119538E+03   0.615264E-04   0.967473E-04   0.215657E-06   0.444792E-03
  5.0000     0.313555E+02   0.174712E+03   0.122535E-03   0.178567E-03   0.823624E-06   0.913725E-03
  5.0000     0.356087E+02   0.476194E+03   0.374631E-03   0.561933E-03   0.279832E-05   0.314145E-02
  5.0000     0.404390E+02   0.113484E+04   0.937403E-03   0.143937E-02   0.967790E-05   0.939956E-02
  5.0000     0.459244E+02   0.211717E+04   0.183737E-02   0.243037E-02   0.713563E-07   0.268744E-01
  5.0000     0.521539E+02   0.293283E+04   0.304573E-02   0.571686E-02   0.131510E-05   0.436109E-01
  5.0000     0.592285E+02   0.435871E+04   0.547589E-02   0.504794E-02   0.127075E-06   0.110142E+00
  5.0000     0.672626E+02   0.496815E+04   0.912023E-02   0.172664E-01   0.670263E-04   0.146186E+00
  5.0000     0.763866E+02   0.390728E+04   0.123777E-01   0.197852E-01   0.258577E-03   0.177515E+00
  5.0000     0.867483E+02   0.288833E+04   0.163088E-01   0.257796E-01   0.271071E-03   0.204405E+00
  5.0000     0.985154E+02   0.199003E+04   0.194512E-01   0.304679E-01   0.265752E-03   0.217671E+00
  5.0000     0.111879E+03   0.138835E+04   0.234383E-01   0.364223E-01   0.272886E-03   0.238657E+00
  5.0000     0.127055E+03   0.125988E+04   0.330505E-01   0.512368E-01   0.364296E-03   0.325487E+00
  5.0000     0.144289E+03   0.107147E+04   0.438247E-01   0.677696E-01   0.456893E-03   0.417179E+00
  5.0000     0.163862E+03   0.113659E+04   0.734115E-01   0.113221E+00   0.726034E-03   0.678814E+00
  5.0000     0.186089E+03   0.662126E+03   0.777712E-01   0.118982E+00   0.659328E-03   0.655401E+00
  5.0000     0.211332E+03   0.487073E+03   0.942221E-01   0.143528E+00   0.736958E-03   0.757882E+00
  5.0000     0.239998E+03   0.308095E+03   0.100795E+00   0.152849E+00   0.715523E-03   0.764057E+00
  5.0000     0.272554E+03   0.196904E+03   0.103113E+00   0.156093E+00   0.696298E-03   0.758818E+00
  5.0000     0.309525E+03   0.119607E+03   0.939216E-01   0.142113E+00   0.624876E-03   0.687855E+00
  5.0000     0.351511E+03   0.573095E+02   0.659041E-01   0.998375E-01   0.442459E-03   0.487651E+00
  5.0000     0.399192E+03   0.245236E+02   0.410815E-01   0.623654E-01   0.280668E-03   0.308725E+00
  5.0000     0.453342E+03   0.104662E+02   0.257015E-01   0.390955E-01   0.177796E-03   0.195737E+00
  5.0000     0.514836E+03   0.413651E+01   0.145509E-01   0.221608E-01   0.102863E-03   0.113515E+00
  5.0000     0.584672E+03   0.156742E+01   0.785681E-02   0.119730E-01   0.567234E-04   0.629564E-01
  5.0000     0.663982E+03   0.805428E+00   0.637999E-02   0.969719E-02   0.465541E-04   0.528454E-01
  6.0000     0.279697E+01   0.000000E+00   0.545594E-16   0.109119E-15   0.000000E+00   0.000000E+00
  6.0000     0.317637E+01   0.143000E-05   0.157692E-14   0.315388E-14   0.000000E+00   0.000000E+00
  6.0000     0.360724E+01   0.364775E-04   0.589150E-13   0.117830E-12   0.000000E+00   0.000000E+00
  6.0000     0.409655E+01   0.172075E-02   0.350167E-11   0.700334E-11   0.000000E+00   0.000000E+00
  6.0000     0.465223E+01   0.113049E-01   0.323842E-10   0.647684E-10   0.000000E+00   0.000000E+00
  6.0000     0.528330E+01   0.101652E-01   0.431193E-10   0.862387E-10   0.000000E+00   0.000000E+00
  6.0000     0.599996E+01   0.892811E-02   0.605984E-10   0.121197E-09   0.000000E+00   0.000000E+00
  6.0000     0.681384E+01   0.240010E-01   0.293047E-09   0.586103E-09   0.310610E-14   0.000000E+00
  6.0000     0.773812E+01   0.453747E-01   0.814721E-09   0.162965E-08   0.204397E-12   0.000000E+00
  6.0000     0.878777E+01   0.371164E-01   0.917966E-09   0.183632E-08   0.386561E-12   0.661456E-08
  6.0000     0.997981E+01   0.184709E+00   0.630600E-08   0.126172E-07   0.516937E-11   0.457843E-07
  6.0000     0.113335E+02   0.384483E+01   0.189838E-06   0.379676E-06   0.000000E+00   0.000000E+00
  6.0000     0.128709E+02   0.180293E+01   0.127528E-06   0.198532E-06   0.392706E-11   0.101041E-05
  6.0000     0.146168E+02   0.484240E+01   0.478802E-06   0.607807E-06   0.522610E-08   0.321932E-05
  6.0000     0.165995E+02   0.122996E+02   0.169813E-05   0.310541E-05   0.205528E-08   0.114310E-04
  6.0000     0.188512E+02   0.265350E+02   0.498228E-05   0.893136E-05   0.827392E-08   0.340310E-04
  6.0000     0.214083E+02   0.486241E+02   0.124749E-04   0.136365E-04   0.278744E-06   0.907413E-04
  6.0000     0.243123E+02   0.810058E+02   0.281066E-04   0.326842E-04   0.611957E-06   0.207765E-03
  6.0000     0.276102E+02   0.117178E+03   0.563226E-04   0.696271E-04   0.117555E-05   0.420961E-03
  6.0000     0.313555E+02   0.157351E+03   0.106508E-03   0.154074E-03   0.137644E-05   0.779286E-03
  6.0000     0.356087E+02   0.224865E+03   0.208054E-03   0.311342E-03   0.229898E-05   0.153611E-02
  6.0000     0.404390E+02   0.513345E+03   0.559157E-03   0.849355E-03   0.733692E-05   0.454270E-02
  6.0000     0.459244E+02   0.114061E+04   0.141038E-02   0.217801E-02   0.233748E-04   0.129977E-01
  6.0000     0.521539E+02   0.199339E+04   0.289594E-02   0.453724E-02   0.609246E-04   0.302731E-01
  6.0000     0.592285E+02   0.286183E+04   0.514199E-02   0.817149E-02   0.130752E-03   0.597949E-01
  6.0000     0.672626E+02   0.330893E+04   0.821104E-02   0.131015E-01   0.228197E-03   0.995384E-01
  6.0000     0.763866E+02   0.296128E+04   0.117733E-01   0.186759E-01   0.302216E-03   0.135056E+00
  6.0000     0.867483E+02   0.230382E+04   0.156423E-01   0.246334E-01   0.346111E-03   0.164307E+00
  6.0000     0.985154E+02   0.179025E+04   0.200007E-01   0.313287E-01   0.396913E-03   0.196902E+00
  6.0000     0.111879E+03   0.122036E+04   0.233580E-01   0.363353E-01   0.406959E-03   0.212576E+00
  6.0000     0.127055E+03   0.103375E+04   0.314404E-01   0.487794E-01   0.517959E-03   0.276277E+00
  6.0000     0.144289E+03   0.922242E+03   0.430355E-01   0.666891E-01   0.687218E-03   0.370692E+00
  6.0000     0.163862E+03   0.100217E+04   0.721602E-01   0.111724E+00   0.112735E-02   0.614404E+00
  6.0000     0.186089E+03   0.591220E+03   0.750825E-01   0.115601E+00   0.104621E-02   0.595798E+00
  6.0000     0.211332E+03   0.428393E+03   0.887204E-01   0.136200E+00   0.116231E-02   0.679048E+00
  6.0000     0.239998E+03   0.291096E+03   0.992816E-01   0.151955E+00   0.121131E-02   0.727860E+00
  6.0000     0.272554E+03   0.182730E+03   0.995766E-01   0.152219E+00   0.116097E-02   0.710415E+00
  6.0000     0.309525E+03   0.111115E+03   0.907381E-01   0.138677E+00   0.104483E-02   0.645195E+00
  6.0000     0.351511E+03   0.522680E+02   0.625204E-01   0.956747E-01   0.725344E-03   0.448479E+00
  6.0000     0.399192E+03   0.215237E+02   0.376051E-01   0.576823E-01   0.443339E-03   0.273475E+00
  6.0000     0.453342E+03   0.875505E+01   0.224674E-01   0.345526E-01   0.268592E-03   0.165516E+00
  6.0000     0.514836E+03   0.333889E+01   0.122059E-01   0.188077E-01   0.149871E-03   0.923048E-01
  6.0000     0.584672E+03   0.118764E+01   0.613498E-02   0.947102E-02   0.778926E-04   0.479621E-01
  6.0000     0.663982E+03   0.568920E+00   0.453145E-02   0.699898E-02   0.600068E-04   0.372454E-01
  7.0000     0.279697E+01   0.000000E+00   0.183815E-16   0.367631E-16   0.000000E+00   0.000000E+00
  7.0000     0.317637E+01   0.521500E-06   0.575078E-15   0.115017E-14   0.000000E+00   0.000000E+00
  7.0000     0.360724E+01   0.147352E-04   0.237989E-13   0.475979E-13   0.000000E+00   0.000000E+00
  7.0000     0.409655E+01   0.751501E-03   0.152928E-11   0.305855E-11   0.000000E+00   0.000000E+00
  7.0000     0.465223E+01   0.517858E-02   0.148346E-10   0.296693E-10   0.000000E+00   0.000000E+00
  7.0000     0.528330E+01   0.510204E-02   0.220155E-10   0.440311E-10   0.000000E+00   0.000000E+00
  7.0000     0.599996E+01   0.613322E-02   0.455400E-10   0.910801E-10   0.000000E+00   0.000000E+00
  7.0000     0.681384E+01   0.233823E-01   0.299381E-09   0.598771E-09   0.164293E-14   0.000000E+00
  7.0000     0.773812E+01   0.401491E-01   0.716761E-09   0.143357E-08   0.446244E-13   0.000000E+00
  7.0000     0.878777E+01   0.342363E-01   0.829548E-09   0.165911E-08   0.187772E-13   0.593289E-08
  7.0000     0.997981E+01   0.135195E+00   0.462827E-08   0.925659E-08   0.582224E-13   0.331391E-07
  7.0000     0.113335E+02   0.210639E+01   0.100850E-06   0.201700E-06   0.000000E+00   0.000000E+00
  7.0000     0.128709E+02   0.161290E+01   0.110510E-06   0.153350E-06   0.124624E-08   0.707386E-06
  7.0000     0.146168E+02   0.404494E+01   0.392170E-06   0.249584E-06   0.218163E-07   0.276649E-05
  7.0000     0.165995E+02   0.985778E+01   0.134531E-05   0.228757E-05   0.123623E-09   0.942896E-05
  7.0000     0.188512E+02   0.204116E+02   0.379098E-05   0.702685E-05   0.675905E-08   0.254016E-04
  7.0000     0.214083E+02   0.375269E+02   0.948223E-05   0.928297E-05   0.380148E-06   0.680141E-04
  7.0000     0.243123E+02   0.639112E+02   0.215440E-04   0.212575E-04   0.939601E-06   0.157489E-03
  7.0000     0.276102E+02   0.973654E+02   0.445152E-04   0.481102E-04   0.179978E-05   0.329108E-03
  7.0000     0.313555E+02   0.137436E+03   0.865915E-04   0.104106E-03   0.305629E-05   0.644253E-03
  7.0000     0.356087E+02   0.184571E+03   0.165031E-03   0.247950E-03   0.272347E-05   0.117597E-02
  7.0000     0.404390E+02   0.245425E+03   0.312881E-03   0.473623E-03   0.517365E-05   0.224678E-02
  7.0000     0.459244E+02   0.411388E+03   0.683427E-03   0.104216E-02   0.123265E-04   0.512038E-02
  7.0000     0.521539E+02   0.908568E+03   0.175628E-02   0.271187E-02   0.372694E-04   0.143868E-01
  7.0000     0.592285E+02   0.166020E+04   0.384557E-02   0.600820E-02   0.969220E-04   0.345478E-01
  7.0000     0.672626E+02   0.229535E+04   0.690648E-02   0.108787E-01   0.197939E-03   0.663193E-01
  7.0000     0.763866E+02   0.249035E+04   0.108768E-01   0.171730E-01   0.321988E-03   0.105791E+00
  7.0000     0.867483E+02   0.215789E+04   0.151021E-01   0.237799E-01   0.422111E-03   0.141514E+00
  7.0000     0.985154E+02   0.171681E+04   0.192933E-01   0.302966E-01   0.508466E-03   0.174230E+00
  7.0000     0.111879E+03   0.128720E+04   0.241472E-01   0.377484E-01   0.583520E-03   0.206739E+00
  7.0000     0.127055E+03   0.953020E+03   0.296166E-01   0.461357E-01   0.666654E-03   0.242510E+00
  7.0000     0.144289E+03   0.834165E+03   0.405649E-01   0.631193E-01   0.885477E-03   0.325636E+00
  7.0000     0.163862E+03   0.948260E+03   0.714445E-01   0.111115E+00   0.153584E-02   0.569314E+00
  7.0000     0.186089E+03   0.585619E+03   0.756893E-01   0.117315E+00   0.150501E-02   0.574405E+00
  7.0000     0.211332E+03   0.398847E+03   0.847747E-01   0.131121E+00   0.159850E-02   0.623182E+00
  7.0000     0.239998E+03   0.284971E+03   0.981456E-01   0.151521E+00   0.175888E-02   0.700065E+00
  7.0000     0.272554E+03   0.180876E+03   0.992058E-01   0.153019E+00   0.170903E-02   0.691419E+00
  7.0000     0.309525E+03   0.107737E+03   0.892746E-01   0.137687E+00   0.151750E-02   0.619618E+00
  7.0000     0.351511E+03   0.510811E+02   0.622191E-01   0.960538E-01   0.106120E-02   0.434670E+00
  7.0000     0.399192E+03   0.200831E+02   0.360480E-01   0.557835E-01   0.622214E-03   0.254481E+00
  7.0000     0.453342E+03   0.780833E+01   0.207255E-01   0.321633E-01   0.361872E-03   0.147855E+00
  7.0000     0.514836E+03   0.287450E+01   0.108897E-01   0.169367E-01   0.195106E-03   0.796337E-01
  7.0000     0.584672E+03   0.950273E+00   0.507737E-02   0.791930E-02   0.946280E-04   0.384636E-01
  7.0000     0.663982E+03   0.420682E+00   0.338170E-02   0.528662E-02   0.674102E-04   0.273282E-01
  8.0000     0.279697E+01   0.000000E+00   0.656428E-17   0.131286E-16   0.000000E+00   0.000000E+00
  8.0000     0.317637E+01   0.200451E-06   0.221045E-15   0.442097E-15   0.000000E+00   0.000000E+00
  8.0000     0.360724E+01   0.621605E-05   0.100396E-13   0.200791E-13   0.000000E+00   0.000000E+00
  8.0000     0.409655E+01   0.340306E-03   0.692510E-12   0.138502E-11   0.000000E+00   0.000000E+00
  8.0000     0.465223E+01   0.244884E-02   0.701498E-11   0.140300E-10   0.000000E+00   0.000000E+00
  8.0000     0.528330E+01   0.271978E-02   0.120998E-10   0.241997E-10   0.000000E+00   0.000000E+00
  8.0000     0.599996E+01   0.480232E-02   0.385718E-10   0.771437E-10   0.000000E+00   0.000000E+00
  8.0000     0.681384E+01   0.233585E-01   0.306672E-09   0.613351E-09   0.884876E-15   0.000000E+00
  8.0000     0.773812E+01   0.440070E-01   0.798763E-09   0.159754E-08   0.938793E-14   0.000000E+00
  8.0000     0.878777E+01   0.385015E-01   0.985926E-09   0.197185E-08   0.210175E-14   0.695834E-08
  8.0000     0.997981E+01   0.117604E+00   0.411457E-08   0.822914E-08   0.443078E-14   0.292692E-07
  8.0000     0.113335E+02   0.155434E+01   0.757719E-07   0.151544E-06   0.000000E+00   0.000000E+00
  8.0000     0.128709E+02   0.137618E+01   0.969119E-07   0.135515E-06   0.131828E-08   0.616373E-06
  8.0000     0.146168E+02   0.368156E+01   0.362593E-06   0.496185E-06   0.588871E-08   0.235432E-05
  8.0000     0.165995E+02   0.908736E+01   0.125690E-05   0.242352E-05   0.189433E-08   0.823064E-05
  8.0000     0.188512E+02   0.188617E+02   0.355793E-05   0.670546E-05   0.807805E-08   0.234579E-04
  8.0000     0.214083E+02   0.339895E+02   0.874842E-05   0.855331E-05   0.412772E-06   0.617977E-04
  8.0000     0.243123E+02   0.565472E+02   0.195091E-04   0.201926E-04   0.908659E-06   0.139358E-03
  8.0000     0.276102E+02   0.845559E+02   0.396829E-04   0.418142E-04   0.195963E-05   0.287181E-03
  8.0000     0.313555E+02   0.119546E+03   0.769946E-04   0.881659E-04   0.351439E-05   0.561075E-03
  8.0000     0.356087E+02   0.163789E+03   0.148300E-03   0.224265E-03   0.286330E-05   0.103036E-02
  8.0000     0.404390E+02   0.213728E+03   0.280577E-03   0.427784E-03   0.532304E-05   0.194943E-02
  8.0000     0.459244E+02   0.281860E+03   0.544528E-03   0.832362E-03   0.105387E-04   0.378846E-02
  8.0000     0.521539E+02   0.408482E+03   0.109023E-02   0.167317E-02   0.219523E-04   0.770720E-02
  8.0000     0.592285E+02   0.727803E+03   0.238235E-02   0.368338E-02   0.526553E-04   0.177036E-01
  8.0000     0.672626E+02   0.135555E+04   0.525814E-02   0.820539E-02   0.131942E-03   0.418842E-01
  8.0000     0.763866E+02   0.189769E+04   0.951915E-02   0.149536E-01   0.262873E-03   0.797169E-01
  8.0000     0.867483E+02   0.200381E+04   0.145299E-01   0.228794E-01   0.413495E-03   0.123207E+00
  8.0000     0.985154E+02   0.173933E+04   0.191554E-01   0.301720E-01   0.542098E-03   0.161332E+00
  8.0000     0.111879E+03   0.133784E+04   0.239664E-01   0.376639E-01   0.646543E-03   0.195639E+00
  8.0000     0.127055E+03   0.101119E+04   0.300959E-01   0.471607E-01   0.764959E-03   0.236605E+00
  8.0000     0.144289E+03   0.788440E+03   0.381252E-01   0.596407E-01   0.929311E-03   0.291717E+00
  8.0000     0.163862E+03   0.901339E+03   0.687545E-01   0.107477E+00   0.164227E-02   0.520795E+00
  8.0000     0.186089E+03   0.602021E+03   0.772647E-01   0.120537E+00   0.175068E-02   0.566138E+00
  8.0000     0.211332E+03   0.392213E+03   0.833720E-01   0.129870E+00   0.180473E-02   0.594113E+00
  8.0000     0.239998E+03   0.279276E+03   0.960658E-01   0.149493E+00   0.200133E-02   0.669283E+00
  8.0000     0.272554E+03   0.184194E+03   0.100226E+00   0.155867E+00   0.202244E-02   0.686011E+00
  8.0000     0.309525E+03   0.106895E+03   0.885671E-01   0.137740E+00   0.176194E-02   0.603189E+00
  8.0000     0.351511E+03   0.514220E+02   0.629356E-01   0.979399E-01   0.125146E-02   0.430635E+00
  8.0000     0.399192E+03   0.194905E+02   0.355000E-01   0.553668E-01   0.710631E-03   0.244587E+00
  8.0000     0.453342E+03   0.728014E+01   0.198059E-01   0.309763E-01   0.399219E-03   0.137444E+00
  8.0000     0.514836E+03   0.258477E+01   0.101099E-01   0.158467E-01   0.208069E-03   0.716487E-01
  8.0000     0.584672E+03   0.797603E+00   0.441878E-02   0.694920E-02   0.944582E-04   0.323612E-01
  8.0000     0.663982E+03   0.323737E+00   0.264394E-02   0.417310E-02   0.614832E-04   0.208394E-01
  9.0000     0.279697E+01   0.000000E+00   0.244731E-17   0.489461E-17   0.000000E+00   0.000000E+00
  9.0000     0.317637E+01   0.800916E-07   0.883202E-16   0.176643E-15   0.000000E+00   0.000000E+00
  9.0000     0.360724E+01   0.270715E-05   0.437232E-14   0.874464E-14   0.000000E+00   0.000000E+00
  9.0000     0.409655E+01   0.158251E-03   0.322034E-12   0.644068E-12   0.000000E+00   0.000000E+00
  9.0000     0.465223E+01   0.118527E-02   0.339535E-11   0.679070E-11   0.000000E+00   0.000000E+00
  9.0000     0.528330E+01   0.156360E-02   0.729826E-11   0.145966E-10   0.000000E+00   0.000000E+00
  9.0000     0.599996E+01   0.416498E-02   0.353973E-10   0.707947E-10   0.000000E+00   0.000000E+00
  9.0000     0.681384E+01   0.235727E-01   0.313601E-09   0.627210E-09   0.482891E-15   0.000000E+00
  9.0000     0.773812E+01   0.504553E-01   0.930008E-09   0.186002E-08   0.245209E-14   0.651321E-08
  9.0000     0.878777E+01   0.323208E-01   0.827227E-09   0.165445E-08   0.162721E-15   0.466723E-08
  9.0000     0.997981E+01   0.136558E+00   0.475966E-08   0.951932E-08   0.960340E-15   0.337549E-07
  9.0000     0.113335E+02   0.182174E+01   0.900475E-07   0.180095E-06   0.000000E+00   0.000000E+00
  9.0000     0.128709E+02   0.143679E+01   0.102855E-06   0.146202E-06   0.148683E-08   0.652146E-06
  9.0000     0.146168E+02   0.416616E+01   0.416502E-06   0.605167E-06   0.616567E-08   0.265330E-05
  9.0000     0.165995E+02   0.964623E+01   0.134594E-05   0.204934E-05   0.182007E-07   0.857174E-05
  9.0000     0.188512E+02   0.211385E+02   0.403013E-05   0.775560E-05   0.438188E-08   0.265823E-04
  9.0000     0.214083E+02   0.377505E+02   0.990834E-05   0.156627E-04   0.846252E-09   0.736892E-04
  9.0000     0.243123E+02   0.597686E+02   0.211588E-04   0.277089E-04   0.626498E-06   0.145837E-03
  9.0000     0.276102E+02   0.880652E+02   0.427575E-04   0.576063E-04   0.127202E-05   0.297035E-03
  9.0000     0.313555E+02   0.120525E+03   0.811991E-04   0.104630E-03   0.299189E-05   0.574992E-03
  9.0000     0.356087E+02   0.160991E+03   0.153912E-03   0.234853E-03   0.311863E-05   0.104968E-02
  9.0000     0.404390E+02   0.207001E+03   0.288414E-03   0.443413E-03   0.575103E-05   0.196471E-02
  9.0000     0.459244E+02   0.269566E+03   0.557201E-03   0.858624E-03   0.112983E-04   0.379368E-02
  9.0000     0.521539E+02   0.359781E+03   0.108251E-02   0.167224E-02   0.223441E-04   0.738859E-02
  9.0000     0.592285E+02   0.493979E+03   0.208484E-02   0.322988E-02   0.441937E-04   0.143634E-01
  9.0000     0.672626E+02   0.758747E+03   0.410754E-02   0.639268E-02   0.921166E-04   0.291256E-01
  9.0000     0.763866E+02   0.125472E+04   0.822784E-02   0.128868E-01   0.201304E-03   0.611651E-01
  9.0000     0.867483E+02   0.165746E+04   0.141017E-01   0.221957E-01   0.369722E-03   0.108663E+00
  9.0000     0.985154E+02   0.164667E+04   0.195165E-01   0.308110E-01   0.532572E-03   0.153336E+00
  9.0000     0.111879E+03   0.133386E+04   0.245041E-01   0.386762E-01   0.660547E-03   0.190421E+00
  9.0000     0.127055E+03   0.101811E+04   0.305120E-01   0.480812E-01   0.791881E-03   0.231201E+00
  9.0000     0.144289E+03   0.787774E+03   0.385543E-01   0.606661E-01   0.963679E-03   0.285073E+00
  9.0000     0.163862E+03   0.838364E+03   0.657385E-01   0.103330E+00   0.159849E-02   0.478877E+00
  9.0000     0.186089E+03   0.589386E+03   0.769987E-01   0.120883E+00   0.180133E-02   0.547373E+00
  9.0000     0.211332E+03   0.391391E+03   0.840868E-01   0.131881E+00   0.189661E-02   0.584715E+00
  9.0000     0.239998E+03   0.269301E+03   0.938772E-01   0.147178E+00   0.205324E-02   0.640873E+00
  9.0000     0.272554E+03   0.183514E+03   0.100367E+00   0.157303E+00   0.214191E-02   0.676562E+00
  9.0000     0.309525E+03   0.105667E+03   0.880165E-01   0.137964E+00   0.185332E-02   0.590608E+00
  9.0000     0.351511E+03   0.506887E+02   0.625680E-01   0.981250E-01   0.131411E-02   0.421319E+00
  9.0000     0.399192E+03   0.189881E+02   0.350896E-01   0.551350E-01   0.738315E-03   0.237262E+00
  9.0000     0.453342E+03   0.683306E+01   0.190597E-01   0.300280E-01   0.401849E-03   0.129392E+00
  9.0000     0.514836E+03   0.235345E+01   0.951185E-02   0.150161E-01   0.203410E-03   0.656528E-01
  9.0000     0.584672E+03   0.687130E+00   0.396365E-02   0.627825E-02   0.874587E-04   0.281264E-01
  9.0000     0.663982E+03   0.254534E+00   0.213308E-02   0.339333E-02   0.514978E-04   0.163188E-01
 10.0000     0.279697E+01   0.000000E+00   0.949115E-18   0.189823E-17   0.000000E+00   0.000000E+00
 10.0000     0.317637E+01   0.331404E-07   0.365453E-16   0.730915E-16   0.000000E+00   0.000000E+00
 10.0000     0.360724E+01   0.121316E-05   0.195938E-14   0.391876E-14   0.000000E+00   0.000000E+00
 10.0000     0.409655E+01   0.753519E-04   0.153338E-12   0.306677E-12   0.000000E+00   0.000000E+00
 10.0000     0.465223E+01   0.585641E-03   0.167764E-11   0.335527E-11   0.000000E+00   0.000000E+00
 10.0000     0.528330E+01   0.992581E-03   0.493679E-11   0.987365E-11   0.000000E+00   0.000000E+00
 10.0000     0.599996E+01   0.387049E-02   0.340846E-10   0.681692E-10   0.000000E+00   0.000000E+00
 10.0000     0.681384E+01   0.238895E-01   0.320054E-09   0.640115E-09   0.266534E-15   0.000000E+00
 10.0000     0.773812E+01   0.488741E-01   0.894207E-09   0.178841E-08   0.478052E-15   0.000000E+00
 10.0000     0.878777E+01   0.328085E-01   0.829088E-09   0.165818E-08   0.849991E-16   0.468860E-08
 10.0000     0.997981E+01   0.167104E+00   0.577441E-08   0.115488E-07   0.550928E-15   0.408908E-07
 10.0000     0.113335E+02   0.228457E+01   0.113693E-06   0.227387E-06   0.000000E+00   0.000000E+00
 10.0000     0.128709E+02   0.157452E+01   0.113454E-06   0.163942E-06   0.171000E-08   0.718023E-06
 10.0000     0.146168E+02   0.473228E+01   0.474147E-06   0.701006E-06   0.727707E-08   0.301290E-05
 10.0000     0.165995E+02   0.108487E+02   0.151534E-05   0.104839E-05   0.112413E-06   0.105627E-04
 10.0000     0.188512E+02   0.240271E+02   0.458995E-05   0.782889E-05   0.454717E-07   0.294486E-04
 10.0000     0.214083E+02   0.425020E+02   0.112235E-04   0.173227E-04   0.180183E-06   0.723869E-04
 10.0000     0.243123E+02   0.670772E+02   0.239990E-04   0.300349E-04   0.847994E-06   0.165644E-03
 10.0000     0.276102E+02   0.973145E+02   0.480419E-04   0.577241E-04   0.203584E-05   0.336767E-03
 10.0000     0.313555E+02   0.130342E+03   0.900102E-04   0.114799E-03   0.360833E-05   0.632572E-03
 10.0000     0.356087E+02   0.169866E+03   0.167999E-03   0.258490E-03   0.356248E-05   0.113365E-02
 10.0000     0.404390E+02   0.213631E+03   0.310409E-03   0.481250E-03   0.646156E-05   0.208961E-02
 10.0000     0.459244E+02   0.274385E+03   0.594505E-03   0.923668E-03   0.125734E-04   0.399784E-02
 10.0000     0.521539E+02   0.361697E+03   0.114869E-02   0.178869E-02   0.246818E-04   0.773385E-02
 10.0000     0.592285E+02   0.473217E+03   0.217223E-02   0.338986E-02   0.474642E-04   0.146713E-01
 10.0000     0.672626E+02   0.623446E+03   0.400440E-02   0.626402E-02   0.895207E-04   0.272702E-01
 10.0000     0.763866E+02   0.875097E+03   0.735533E-02   0.115446E-01   0.171492E-03   0.511430E-01
 10.0000     0.867483E+02   0.125875E+04   0.133233E-01   0.210014E-01   0.329617E-03   0.955825E-01
 10.0000     0.985154E+02   0.146892E+04   0.201353E-01   0.318645E-01   0.526689E-03   0.148730E+00
 10.0000     0.111879E+03   0.127091E+04   0.255182E-01   0.404342E-01   0.676589E-03   0.189202E+00
 10.0000     0.127055E+03   0.987007E+03   0.313689E-01   0.496817E-01   0.816800E-03   0.229369E+00
 10.0000     0.144289E+03   0.766566E+03   0.393234E-01   0.622312E-01   0.997361E-03   0.282426E+00
 10.0000     0.163862E+03   0.792334E+03   0.650768E-01   0.102876E+00   0.160445E-02   0.460161E+00
 10.0000     0.186089E+03   0.549490E+03   0.750699E-01   0.118587E+00   0.179346E-02   0.520159E+00
 10.0000     0.211332E+03   0.384948E+03   0.851080E-01   0.134372E+00   0.197833E-02   0.580327E+00
 10.0000     0.239998E+03   0.259105E+03   0.927848E-01   0.146494E+00   0.210295E-02   0.623080E+00
 10.0000     0.272554E+03   0.178219E+03   0.994530E-01   0.157022E+00   0.221168E-02   0.661802E+00
 10.0000     0.309525E+03   0.103473E+03   0.874995E-01   0.138177E+00   0.192295E-02   0.580262E+00
 10.0000     0.351511E+03   0.488925E+02   0.613258E-01   0.968956E-01   0.134284E-02   0.407780E+00
 10.0000     0.399192E+03   0.183380E+02   0.345236E-01   0.546353E-01   0.754666E-03   0.230109E+00
 10.0000     0.453342E+03   0.640627E+01   0.183584E-01   0.291272E-01   0.400430E-03   0.122538E+00
 10.0000     0.514836E+03   0.215746E+01   0.901887E-02   0.143347E-01   0.198189E-03   0.609470E-01
 10.0000     0.584672E+03   0.602796E+00   0.362893E-02   0.578612E-02   0.815777E-04   0.250638E-01
 10.0000     0.663982E+03   0.204136E+00   0.177111E-02   0.283645E-02   0.433568E-04   0.131256E-01
 11.0000     0.279697E+01   0.000000E+00   0.380601E-18   0.761201E-18   0.000000E+00   0.000000E+00
 11.0000     0.317637E+01   0.141213E-07   0.155721E-16   0.311446E-16   0.000000E+00   0.000000E+00
 11.0000     0.360724E+01   0.556781E-06   0.899258E-15   0.179852E-14   0.000000E+00   0.000000E+00
 11.0000     0.409655E+01   0.365912E-04   0.744617E-13   0.148923E-12   0.000000E+00   0.000000E+00
 11.0000     0.465223E+01   0.294346E-03   0.843188E-12   0.168638E-11   0.000000E+00   0.000000E+00
 11.0000     0.528330E+01   0.706519E-03   0.376222E-11   0.752450E-11   0.000000E+00   0.000000E+00
 11.0000     0.599996E+01   0.374520E-02   0.336699E-10   0.673398E-10   0.000000E+00   0.000000E+00
 11.0000     0.681384E+01   0.242296E-01   0.325833E-09   0.651675E-09   0.148483E-15   0.000000E+00
 11.0000     0.773812E+01   0.424097E-01   0.758344E-09   0.151669E-08   0.111037E-15   0.000000E+00
 11.0000     0.878777E+01   0.456617E-01   0.112378E-08   0.224756E-08   0.706731E-16   0.791569E-08
 11.0000     0.997981E+01   0.181552E+00   0.629320E-08   0.125864E-07   0.272833E-15   0.444558E-07
 11.0000     0.113335E+02   0.270535E+01   0.135024E-06   0.270047E-06   0.000000E+00   0.000000E+00
 11.0000     0.128709E+02   0.171980E+01   0.124398E-06   0.248862E-06   0.648580E-10   0.803384E-06
 11.0000     0.146168E+02   0.521810E+01   0.523919E-06   0.867242E-06   0.602560E-08   0.329512E-05
 11.0000     0.165995E+02   0.121585E+02   0.170574E-05   0.241860E-06   0.799566E-06   0.121347E-04
 11.0000     0.188512E+02   0.257711E+02   0.493938E-05   0.676351E-05   0.124491E-06   0.327570E-04
 11.0000     0.214083E+02   0.472329E+02   0.124816E-04   0.189871E-04   0.239118E-06   0.812484E-04
 11.0000     0.243123E+02   0.761005E+02   0.273750E-04   0.417480E-04   0.556941E-06   0.180147E-03
 11.0000     0.276102E+02   0.105516E+03   0.526293E-04   0.601916E-04   0.261198E-05   0.368247E-03
 11.0000     0.313555E+02   0.139822E+03   0.979625E-04   0.128595E-03   0.384929E-05   0.680779E-03
 11.0000     0.356087E+02   0.180448E+03   0.181733E-03   0.281745E-03   0.405480E-05   0.121718E-02
 11.0000     0.404390E+02   0.224356E+03   0.333291E-03   0.520825E-03   0.728846E-05   0.222586E-02
 11.0000     0.459244E+02   0.284538E+03   0.632767E-03   0.990798E-03   0.140534E-04   0.422070E-02
 11.0000     0.521539E+02   0.372154E+03   0.121732E-02   0.191009E-02   0.274520E-04   0.812616E-02
 11.0000     0.592285E+02   0.480915E+03   0.228892E-02   0.359865E-02   0.524019E-04   0.153105E-01
 11.0000     0.672626E+02   0.607957E+03   0.414833E-02   0.653453E-02   0.964928E-04   0.278553E-01
 11.0000     0.763866E+02   0.762247E+03   0.724513E-02   0.114363E-01   0.172134E-03   0.490427E-01
 11.0000     0.867483E+02   0.987898E+03   0.124534E-01   0.197097E-01   0.306097E-03   0.856914E-01
 11.0000     0.985154E+02   0.124238E+04   0.199055E-01   0.316113E-01   0.513422E-03   0.140514E+00
 11.0000     0.111879E+03   0.119303E+04   0.267129E-01   0.425034E-01   0.706477E-03   0.190603E+00
 11.0000     0.127055E+03   0.946223E+03   0.324931E-01   0.517180E-01   0.855995E-03   0.230506E+00
 11.0000     0.144289E+03   0.737036E+03   0.401931E-01   0.639613E-01   0.104194E-02   0.281712E+00
 11.0000     0.163862E+03   0.754142E+03   0.653659E-01   0.103930E+00   0.165262E-02   0.451886E+00
 11.0000     0.186089E+03   0.510853E+03   0.735734E-01   0.116933E+00   0.181039E-02   0.499646E+00
 11.0000     0.211332E+03   0.371086E+03   0.852683E-01   0.135494E+00   0.205586E-02   0.572445E+00
 11.0000     0.239998E+03   0.251328E+03   0.928155E-01   0.147527E+00   0.219233E-02   0.615539E+00
 11.0000     0.272554E+03   0.171514E+03   0.982759E-01   0.156246E+00   0.228608E-02   0.647247E+00
 11.0000     0.309525E+03   0.100776E+03   0.869721E-01   0.138308E+00   0.200217E-02   0.571458E+00
 11.0000     0.351511E+03   0.468940E+02   0.600052E-01   0.954767E-01   0.137514E-02   0.395056E+00
 11.0000     0.399192E+03   0.176067E+02   0.338483E-01   0.539336E-01   0.772603E-03   0.223148E+00
 11.0000     0.453342E+03   0.604255E+01   0.177785E-01   0.283964E-01   0.403595E-03   0.117165E+00
 11.0000     0.514836E+03   0.199851E+01   0.862826E-02   0.138027E-01   0.196157E-03   0.573617E-01
 11.0000     0.584672E+03   0.539435E+00   0.338439E-02   0.542979E-02   0.780330E-04   0.228677E-01
 11.0000     0.663982E+03   0.168184E+00   0.151862E-02   0.244649E-02   0.376561E-04   0.109082E-01
 12.0000     0.279697E+01   0.000000E+00   0.156673E-18   0.313345E-18   0.000000E+00   0.000000E+00
 12.0000     0.317637E+01   0.615607E-08   0.678855E-17   0.135773E-16   0.000000E+00   0.000000E+00
 12.0000     0.360724E+01   0.260305E-06   0.420419E-15   0.840838E-15   0.000000E+00   0.000000E+00
 12.0000     0.409655E+01   0.180407E-04   0.367122E-13   0.734245E-13   0.000000E+00   0.000000E+00
 12.0000     0.465223E+01   0.149900E-03   0.429405E-12   0.858810E-12   0.000000E+00   0.000000E+00
 12.0000     0.528330E+01   0.561797E-03   0.317474E-11   0.634955E-11   0.000000E+00   0.000000E+00
 12.0000     0.599996E+01   0.370154E-02   0.336642E-10   0.673284E-10   0.000000E+00   0.000000E+00
 12.0000     0.681384E+01   0.245472E-01   0.330778E-09   0.661565E-09   0.833043E-16   0.000000E+00
 12.0000     0.773812E+01   0.416758E-01   0.741247E-09   0.148249E-08   0.314426E-16   0.000000E+00
 12.0000     0.878777E+01   0.469643E-01   0.114481E-08   0.228963E-08   0.269461E-16   0.804331E-08
 12.0000     0.997981E+01   0.206129E+00   0.712807E-08   0.142561E-07   0.177268E-15   0.502557E-07
 12.0000     0.113335E+02   0.304010E+01   0.152170E-06   0.304340E-06   0.000000E+00   0.000000E+00
 12.0000     0.128709E+02   0.166677E+01   0.120833E-06   0.241668E-06   0.212027E-11   0.853615E-06
 12.0000     0.146168E+02   0.524101E+01   0.526492E-06   0.105324E-05   0.255854E-09   0.373848E-05
 12.0000     0.165995E+02   0.130770E+02   0.182996E-05   0.366477E-05   0.485859E-08   0.130544E-04
 12.0000     0.188512E+02   0.306173E+02   0.586477E-05   0.109340E-04   0.723920E-09   0.401104E-04
 12.0000     0.214083E+02   0.510739E+02   0.135914E-04   0.216566E-04   0.230294E-06   0.866809E-04
 12.0000     0.243123E+02   0.812220E+02   0.294880E-04   0.459897E-04   0.593735E-06   0.192097E-03
 12.0000     0.276102E+02   0.114752E+03   0.578591E-04   0.903634E-04   0.122592E-05   0.380024E-03
 12.0000     0.313555E+02   0.148136E+03   0.105100E-03   0.123439E-03   0.568750E-05   0.734712E-03
 12.0000     0.356087E+02   0.189590E+03   0.193824E-03   0.302304E-03   0.459776E-05   0.129078E-02
 12.0000     0.404390E+02   0.234326E+03   0.354060E-03   0.557337E-03   0.817691E-05   0.234976E-02
 12.0000     0.459244E+02   0.295706E+03   0.669737E-03   0.105631E-02   0.157092E-04   0.444000E-02
 12.0000     0.521539E+02   0.384787E+03   0.128407E-02   0.202927E-02   0.305776E-04   0.851817E-02
 12.0000     0.592285E+02   0.493687E+03   0.240380E-02   0.380586E-02   0.580769E-04   0.159714E-01
 12.0000     0.672626E+02   0.615731E+03   0.432751E-02   0.686359E-02   0.106042E-03   0.288303E-01
 12.0000     0.763866E+02   0.740508E+03   0.741720E-02   0.117836E-01   0.184513E-03   0.496230E-01
 12.0000     0.867483E+02   0.876998E+03   0.122072E-01   0.194281E-01   0.309659E-03   0.822959E-01
 12.0000     0.985154E+02   0.104804E+04   0.190806E-01   0.304411E-01   0.500173E-03   0.130806E+00
 12.0000     0.111879E+03   0.108663E+04   0.270791E-01   0.432853E-01   0.728406E-03   0.187801E+00
 12.0000     0.127055E+03   0.911904E+03   0.338368E-01   0.541296E-01   0.914164E-03   0.234479E+00
 12.0000     0.144289E+03   0.708671E+03   0.411287E-01   0.658083E-01   0.110141E-02   0.282766E+00
 12.0000     0.163862E+03   0.719758E+03   0.658441E-01   0.105289E+00   0.172625E-02   0.447460E+00
 12.0000     0.186089E+03   0.481291E+03   0.729460E-01   0.116628E+00   0.186833E-02   0.488072E+00
 12.0000     0.211332E+03   0.354086E+03   0.847967E-01   0.135583E+00   0.213772E-02   0.562467E+00
 12.0000     0.239998E+03   0.244979E+03   0.933104E-01   0.149259E+00   0.231387E-02   0.613127E+00
 12.0000     0.272554E+03   0.165380E+03   0.973814E-01   0.155839E+00   0.238387E-02   0.636339E+00
 12.0000     0.309525E+03   0.978355E+02   0.863466E-01   0.138218E+00   0.209390E-02   0.563340E+00
 12.0000     0.351511E+03   0.450727E+02   0.589134E-01   0.943576E-01   0.142096E-02   0.384913E+00
 12.0000     0.399192E+03   0.168602E+02   0.331259E-01   0.531250E-01   0.794587E-03   0.216578E+00
 12.0000     0.453342E+03   0.575057E+01   0.173351E-01   0.278634E-01   0.412577E-03   0.113181E+00
 12.0000     0.514836E+03   0.187145E+01   0.832035E-02   0.133919E-01   0.197341E-03   0.546439E-01
 12.0000     0.584672E+03   0.492456E+00   0.320726E-02   0.517591E-02   0.765585E-04   0.213076E-01
 12.0000     0.663982E+03   0.142843E+00   0.134410E-02   0.217698E-02   0.339374E-04   0.938425E-02
