14.1000		0.0000		0.0000		0.0000		0.0000	85.9214	85.9214
14.6000		0.0000		0.0000		0.0000		82.3902	0.0000	0.0000
15.1000		0.0000		0.0000		0.0000		0.0000	79.2730	0.0000
15.7000		0.0000		0.0000		0.0000		0.0000	0.0000	0.0000
16.3000		0.0000		0.0000		0.0000		73.6394	0.0000	0.0000
16.8000		0.0000		0.0000		0.0000		0.0000	0.0000	0.0000
17.5000		0.0000		0.0000		0.0000		0.0000	0.0000	0.0000
18.1000		0.0000		0.0000		0.0000		0.0000	0.0000	66.0689
18.8000		0.0000		0.0000		0.0000		0.0000	0.0000	0.0000
19.5000		61.6551		0.0000		0.0000		0.0000	0.0000	0.0000
20.2000		0.0000		0.0000		0.0000		0.0000	0.0000	0.0000
20.9000		0.0000		0.0000		0.0000		0.0000	0.0000	0.0000
21.7000		0.0000		0.0000		0.0000		0.0000	0.0000	0.0000
22.5000		0.0000		0.0000		0.0000		0.0000	0.0000	0.0000
23.3000		47.5010		0.0000		0.0000		0.0000	0.0000	0.0000
24.1000		0.0000		0.0000		0.0000		0.0000	0.0000	0.0000
25.0000		0.0000		0.0000		0.0000		0.0000	0.0000	0.0000
25.9000		0.0000		0.0000		0.0000		0.0000	0.0000	0.0000
26.9000		0.0000		0.0000		0.0000		0.0000	0.0000	0.0000
27.9000		0.0000		20.5882		0.0000		0.0000	0.0000	0.0000
28.9000		499.4546	0.0000		0.0000		0.0000	0.0000	0.0000
30.0000		4057.0444	47.3232		0.0000		0.0000	0.0000	0.0000
31.1000		12208.4353	19.0683		0.0000		40.9449	0.0000	0.0000
32.2000		20758.6607	235.6484	0.0000		0.0000	0.0000	0.0000
33.4000		32048.2292	271.1082	0.0000		0.0000	0.0000	0.0000
34.6000		43762.5241	819.4269	0.0000		0.0000	0.0000	0.0000
35.9000		47355.5699	530.4411	12.2176		30.4554	0.0000	0.0000
37.2000		52944.8165	1112.1893	0.0000		19.7299	35.7912	0.0000
38.5000		50554.2820	1143.0393	26.4496		0.0000	0.0000	0.0000
40.0000		43861.2363	851.1719	0.0000		0.0000	0.0000	0.0000
41.4000		33828.2035	820.5409	141.7205	0.0000	0.0000	0.0000
42.9000		26268.3838	1112.6916	46.3502		0.0000	0.0000	0.0000
44.5000		17479.5235	743.7669	209.3065	0.0000	0.0000	0.0000
46.1000		13172.7624	974.6941	106.9569	0.5087	0.0000	0.0000
47.8000		11148.4868	399.5892	136.8783	157.3767	0.0000	0.0000
49.6000		9792.0798	0.0000		983.2325	115.5853	0.4835	0.0000
51.4000		10849.3883	0.0000		1110.5538	88.4726	0.0000	29.4909
53.3000		10044.4301	9.8164		1204.7585	202.8789	0.0000	0.0000
55.2000		7815.5184	593.3071	667.2762	468.7753	12.9122	0.0000
57.3000		5999.2853	2451.6227	727.1024	798.9891	71.3522	28.0164
59.4000		5120.8564	6469.1565	461.2814	1530.9659	233.2750	27.5567
61.5000		3616.4392	17806.9543	256.9317	1697.9073	158.8294	98.3735
63.8000		2841.4102	42047.5209	98.7675		1563.5158	438.0567	236.8995
66.1000		2398.2936	73522.8590	0.0000		1220.2833	580.7212	308.3902
68.5000		1142.9556	94565.3574	1443.6510	0.0000	1468.9182	309.7476
71.0000		1179.4334	90024.4688	925.5699	0.0000	576.4037	51.4837
73.7000		603.1842	72842.8847	1563.8571	0.0000	0.0000	0.0000
76.4000		244.3574	47207.3406	1585.1449	0.0000	0.0000	0.0000
79.1000		122.3303	31043.6574	3591.4359	0.0000	0.0000	0.0000
82.0000		198.4752	20366.9028	5754.1211	0.0000	0.0000	0.0000
85.1000		0.0000		14882.4211	13006.1816	235.5435	0.0000	0.0000
88.2000		0.0000		10750.9981	37322.4726	2381.8995	0.0000	0.0000
91.4000		0.0000		6905.9884	72716.0335	2965.7180	1160.5280	0.0000
94.7000		0.0000		4510.0451	108877.0122	3968.8731	7.4858	306.2054
98.2000		0.0000		2729.6330	102554.4108	7321.3780	0.0000	0.0000
101.8000	0.0000		1259.4591	71509.9807	18524.1468	0.0000	328.3599
105.5000	0.0000		236.0586	43994.7843	44749.8390	889.7360	0.0000
109.4000	0.0000		37.5937		25204.4430	83449.4527	1834.5010	0.0000
113.4000	137.7070	0.0000	16894.5267	113417.9008	3751.8352	791.7128
117.6000	0.0000	98.1204	8588.8603	101721.1848	7568.3838	860.1803
121.9000	259.4108	0.0000	4669.7875	69149.3883	15839.6652	2000.6246
126.3000	687.8558	0.0000	2538.0940	40822.7946	40683.7733	4555.7952
131.0000	0.0000	0.0000	1283.9279	22450.1610	82789.4398	11076.0464
135.8000	0.0000	0.0000	246.9137	12206.5035	108427.5596	29735.0934
140.7000	0.0000	318.9549	269.5196	6969.8004	96078.5576	65741.7901
145.9000	37.3413	0.0000	0.0000	2551.4681	66575.6600	99934.9646
151.2000	82.8017	0.0000	0.0000	1805.1900	39017.6433	102586.6066
156.8000	410.8938	0.0000	0.0000	171.9723	21813.5222	71442.3696
162.5000	819.7811	62.5785	0.0000	188.4771	12520.7985	43440.3091
168.5000	1542.5563	299.4462	0.0000	57.0939	5755.5312	24349.7746
174.7000	4394.6297	186.7238	0.0000	0.0000	3564.3271	13468.8989
181.1000	8933.2904	819.9871	2.5444	0.0000	1378.5126	7883.3226
187.7000	11347.5853	1320.7598	375.9195	331.8719	1135.0741	4573.0972
194.6000	11078.1713	3153.1809	582.3735	244.1932	501.5795	2521.0882
201.7000	8429.8777	7340.0515	1216.0657	354.7250	109.5158	1454.8229
209.1000	4912.3954	12890.8564	3319.4398	763.9858	261.5744	853.0071
216.7000	2521.5518	12435.3509	6718.5448	2005.1127	377.9858	472.1050
224.7000	1263.4707	10524.0824	13041.8545	6304.6169	1030.9594	773.3806
232.9000	754.3593	6287.9974	14652.2859	11739.2144	3348.2679	1663.2260
241.4000	393.5422	3671.0238	10438.5061	14254.0889	7527.7527	5589.7811
250.3000	234.1075	1536.8835	6240.1996	12896.0077	14189.1822	10948.9375
259.5000	93.6896	694.6169	2641.8352	7330.6504	13205.6021	14120.4765
269.0000	127.0393	302.0657	1702.1314	3042.2022	10087.5080	11608.4353
278.8000	35.6741	328.1346	875.0225	1870.8757	4586.1043	7013.9086
289.0000	0.0000	83.3760	472.4643	971.8931	2671.9060	3757.1990
299.6000	28.2546	84.7637	141.2730	232.8461	1167.2569	1875.6858
310.6000	0.0000	28.5699	85.7096	185.2376	485.6555	800.8113
322.0000	0.0000	0.0000	0.0000	102.1835	244.4546	451.8493
333.8000	0.0000	64.2670	0.0000	0.0000	136.6130	157.8545
346.0000	0.0000	24.7193	0.0000	0.0000	89.7386	89.7386
358.7000	0.0000	0.0000	0.0000	0.0000	0.0000	91.3535
371.8000	31.0094	0.0000	0.0000	0.0000	31.0094	31.0094
385.4000	0.0000	0.0000	0.0000	0.0000	0.0000	0.0000
399.5000	0.0000	0.0000	31.9856	0.0000	63.9713	0.0000
414.2000	0.0000	0.0000	0.0000	0.0000	62.5774	0.0000
429.4000	33.2455	0.0000	0.0000	0.0000	2.6808	0.0000
445.1000	0.0000	0.0000	0.0000	0.0000	0.0000	0.0000
461.4000	0.0000	0.0000	0.0000	34.3731	0.0000	0.0000
478.3000	0.0000	0.0000	0.0000	35.0889	0.0000	0.0000
495.8000	0.0000	0.0000	0.0000	0.0000	0.0000	0.0000
514.0000	0.0000	0.0000	0.0000	0.0000	0.0000	0.0000
532.8000	0.0000	0.0000	0.0000	0.0000	0.0000	0.0000
552.3000	0.0000	0.0000	0.0000	0.0000	0.0000	0.0000
572.5000	0.0000	0.0000	0.0000	0.0000	0.0000	38.2766
593.5000	0.0000	0.0000	0.0000	0.0000	0.0000	0.0000
615.3000	0.0000	0.0000	0.0000	0.0000	0.0000	0.0000
637.8000	0.0000	0.0000	0.0000	0.0000	0.0000	0.0000
661.2000	0.0000	0.0000	0.0000	0.0000	0.0000	0.0000
685.4000	0.0000	0.0000	0.0000	0.0000	0.0000	0.0000
710.5000	0.0000	0.0000	0.0000	0.0000	0.0000	0.0000
