14.1000	0.0000	0.0000	0.0000	0.0000	0.0000
14.6000	0.0000	0.0000	0.0000	0.0000	0.0000
15.1000	0.0000	0.0000	0.0000	0.0000	0.0000
15.7000	0.0000	0.0000	0.0000	0.0000	0.0000
16.3000	0.0000	0.0000	0.0000	0.0000	0.0000
16.8000	0.0000	0.0000	0.0000	0.0000	0.0000
17.5000	0.0000	0.0000	0.0000	0.0000	0.0000
18.1000	0.0000	0.0000	0.0000	0.0000	0.0000
18.8000	0.0000	0.0000	0.0000	0.0000	0.0000
19.5000	0.0000	0.0000	0.0000	0.0000	0.0000
20.2000	0.0000	0.0000	0.0000	0.0000	0.0000
20.9000	0.0000	0.0000	0.0000	0.0000	0.0000
21.7000	0.0000	0.0000	0.0000	0.0000	0.0000
22.5000	0.0000	0.0000	0.0000	0.0000	0.0000
23.3000	52.2514	0.0000	0.0000	0.0000	0.0000
24.1000	0.0000	0.0000	0.0000	0.0000	0.0000
25.0000	0.0000	0.0000	0.0000	0.0000	0.0000
25.9000	0.0000	0.0000	0.0000	0.0000	0.0000
26.9000	0.0000	0.0000	0.0000	0.0000	0.0000
27.9000	0.0000	0.0000	0.0000	44.6330	0.0000
28.9000	0.0000	0.0000	0.0000	0.0000	0.0000
30.0000	0.0000	0.0000	0.0000	0.0000	0.0000
31.1000	37.0316	0.0000	0.0000	0.0000	0.0000
32.2000	0.0000	0.0000	0.0000	0.0000	0.0000
33.4000	0.0000	38.4828	0.0000	0.0000	0.0000
34.6000	0.0000	25.4329	0.0000	0.0000	0.0000
35.9000	0.0000	9.8123	0.0000	0.0000	0.0000
37.2000	0.0000	0.0000	14.3924	0.0000	0.0000
38.5000	0.0000	91.6516	20.6361	0.0000	0.0000
40.0000	0.0000	0.0000	0.0000	0.0000	0.0000
41.4000	8.8572	0.0000	0.0000	0.0000	0.0000
42.9000	257.4806	0.0000	8.8977	0.0000	0.0000
44.5000	850.5613	0.0000	47.0850	0.0000	0.0000
46.1000	2964.4710	0.0000	0.0000	31.3802	14.1143
47.8000	5690.8968	0.0000	0.0000	55.9151	0.0000
49.6000	9194.2581	37.9301	59.4517	7.3501	55.6583
51.4000	11229.4194	987.0839	0.0000	45.2128	86.9458
53.3000	9171.0968	1765.3161	0.0000	0.0000	113.3755
55.2000	7027.2258	5074.8065	0.0000	68.8206	172.1794
57.3000	5935.5806	9103.0968	23.1977	160.1923	112.0090
59.4000	3127.3935	11423.6774	153.6394	0.0000	121.9155
61.5000	1758.8645	11081.3548	202.8523	0.0000	0.0000
63.8000	1360.5742	9464.7097	455.7839	239.4735	0.0000
66.1000	1147.1677	5779.3097	2556.5677	0.0000	0.0000
68.5000	1116.6194	4847.7677	6416.2516	0.0000	425.2632
71.0000	692.4000	1797.3484	10822.9032	114.8774	0.0000
73.7000	850.0323	837.0194	13492.1935	317.5910	0.0000
76.4000	942.5161	955.4516	12751.6129	450.8452	28.0555
79.1000	329.1865	1072.5548	9457.8065	2023.6903	0.0000
82.0000	0.0000	673.3871	4835.1419	5745.7032	5.9054
85.1000	0.0000	169.2923	2176.8903	11067.8065	0.0000
88.2000	0.0000	77.8716	1134.5484	14933.7419	732.4581
91.4000	0.0000	48.3192	526.8084	13282.4516	3584.4065
94.7000	0.0000	0.0000	1451.6194	7451.2903	7960.3871
98.2000	0.0000	0.0000	0.0000	3821.1677	13897.7419
101.8000	0.0000	0.0000	186.2658	2287.9097	14158.4516
105.5000	0.0000	0.0000	0.0000	894.8194	10810.0000
109.4000	0.0000	0.0000	0.0000	382.6013	6002.8774
113.4000	746.9613	81.7516	0.0000	560.2000	2305.0968
117.6000	8203.8065	474.4923	0.0000	387.6252	865.1484
121.9000	22766.1935	3553.2258	198.3948	0.0000	592.7213
126.3000	26195.3548	15357.1613	448.6787	886.7677	711.8839
131.0000	15004.1290	26726.6452	1416.3806	386.6832	298.4826
135.8000	6088.3613	21740.9032	8511.6774	514.9290	538.6206
140.7000	2462.3806	10021.1613	22728.2581	1252.2839	319.3058
145.9000	2406.6774	4067.8516	25655.4839	7022.2581	549.1800
151.2000	4103.9419	2554.4258	15474.9677	20785.3548	1902.6581
156.8000	4263.5677	4389.1032	6616.3871	27056.8387	9510.4516
162.5000	2750.4323	4145.8839	3803.2323	17295.4194	22564.7097
168.5000	1975.9484	3297.3806	4513.5097	8391.9355	24640.0645
174.7000	1040.9032	1740.5097	5077.4645	4362.6452	15132.3871
181.1000	922.1742	1134.4000	3266.7484	5240.9097	7232.1290
187.7000	466.9974	797.3226	1784.8516	4236.4710	5432.5161
194.6000	148.7084	697.7484	1159.3355	2456.5355	5061.2774
201.7000	105.3787	274.3510	868.9355	1411.0194	3560.4194
209.1000	143.5916	99.9961	585.7135	817.7226	2182.1484
216.7000	75.7310	75.7310	387.4890	532.8323	1207.2387
224.7000	25.4930	25.4930	116.7387	305.7439	508.1568
232.9000	0.0000	0.0000	36.5809	165.3187	266.0832
241.4000	0.0000	26.1421	78.4265	51.0433	162.7116
250.3000	26.4101	0.0000	0.0000	61.7627	70.1806
259.5000	0.0000	0.0000	0.0000	40.5030	13.8191
269.0000	0.0000	0.0000	0.0000	0.0000	27.1085
278.8000	0.0000	0.0000	0.0000	27.3975	27.3975
289.0000	0.0000	0.0000	0.0000	27.8458	0.0000
299.6000	0.0000	0.0000	0.0000	0.0000	0.0000
310.6000	0.0000	0.0000	0.0000	0.0000	0.0000
322.0000	0.0000	0.0000	0.0000	0.0000	0.0000
333.8000	0.0000	0.0000	0.0000	0.0000	29.6239
346.0000	0.0000	0.0000	0.0000	0.0000	0.0000
358.7000	0.0000	0.0000	0.0000	0.0000	0.0000
371.8000	0.0000	0.0000	0.0000	0.0000	31.0694
385.4000	0.0000	0.0000	0.0000	0.0000	0.0000
399.5000	0.0000	0.0000	0.0000	0.0000	0.0000
414.2000	0.0000	0.0000	0.0000	32.6663	0.0000
429.4000	0.0000	0.0000	0.0000	33.3098	33.3098
445.1000	0.0000	0.0000	33.7515	0.0000	0.0000
461.4000	0.0000	0.0000	0.0000	0.0000	0.0000
478.3000	0.0000	0.0000	0.0000	0.0000	0.0000
495.8000	0.0000	0.0000	0.0000	0.0000	0.0000
514.0000	0.0000	0.0000	0.0000	0.0000	0.0000
532.8000	0.0000	0.0000	0.0000	0.0000	0.0000
552.3000	0.0000	0.0000	0.0000	0.0000	0.0000
572.5000	0.0000	0.0000	0.0000	0.0000	0.0000
593.5000	0.0000	0.0000	0.0000	0.0000	0.0000
615.3000	0.0000	0.0000	39.5488	0.0000	0.0000
637.8000	0.0000	0.0000	0.0000	0.0000	0.0000
661.2000	0.0000	0.0000	0.0000	0.0000	0.0000
685.4000	0.0000	0.0000	0.0000	0.0000	0.0000
710.5000	0.0000	0.0000	0.0000	0.0000	0.0000